8 0.44453125 0.7578125 0.10546875 0.1390625
8 0.703125 0.68984375 0.10703125 0.1359375
8 0.825 0.634375 0.09375 0.11875
8 0.61875 0.60546875 0.08046875 0.12421875
8 0.4515625 0.6546875 0.10234375 0.1109375
8 0.52890625 0.68671875 0.10703125 0.13671875
8 0.690625 0.57109375 0.06171875 0.1109375
8 0.74140625 0.6015625 0.0890625 0.10546875
8 0.9046875 0.56484375 0.0765625 0.1140625
8 0.8421875 0.53671875 0.08125 0.09375
8 0.24921875 0.82109375 0.13125 0.15390625
8 0.346875 0.7421875 0.10546875 0.115625
8 0.21171875 0.6390625 0.11015625 0.1203125
8 0.33828125 0.6296875 0.10546875 0.1140625
8 0.68203125 0.49921875 0.0671875 0.09453125