8 0.62890625 0.8953125 0.08359375 0.19453125
8 0.7171875 0.7703125 0.0734375 0.1359375
13 0.71328125 0.95546875 0.0515625 0.0890625
13 0.70078125 0.8671875 0.04609375 0.11796875
13 0.5515625 0.95390625 0.04453125 0.0921875
13 0.62109375 0.66640625 0.02265625 0.0828125
13 0.65234375 0.67578125 0.0296875 0.0765625
13 0.16796875 0.571875 0.0296875 0.06640625
13 0.29765625 0.52421875 0.01953125 0.05078125
13 0.190625 0.46796875 0.02109375 0.03984375
7 0.84140625 0.81796875 0.13671875 0.275
11 0.56328125 0.8 0.1171875 0.1546875
11 0.5609375 0.6890625 0.09375 0.11640625
11 0.696875 0.7109375 0.08125 0.12421875
11 0.365625 0.6015625 0.06953125 0.09921875
11 0.15546875 0.90234375 0.15 0.1796875
11 0.671875 0.5625 0.06015625 0.08046875
11 0.9453125 0.6828125 0.0796875 0.1328125
11 0.58828125 0.5375 0.059375 0.06640625
11 0.6421875 0.51796875 0.05390625 0.07421875
7 0.80546875 0.5234375 0.08359375 0.1796875
7 0.7828125 0.4171875 0.07109375 0.146875
7 0.31640625 0.41875 0.0734375 0.1140625