8 0.7 0.62890625 0.0671875 0.17265625
8 0.55078125 0.56484375 0.06953125 0.14140625
8 0.65546875 0.5609375 0.06328125 0.17421875
8 0.79765625 0.58515625 0.065625 0.18203125
8 0.88203125 0.68671875 0.11484375 0.17109375
8 0.659375 0.81796875 0.10859375 0.234375
8 0.765625 0.81640625 0.1046875 0.221875
8 0.89140625 0.83203125 0.115625 0.1984375
8 0.0796875 0.57578125 0.12109375 0.17265625
8 0.23515625 0.54765625 0.09375 0.1609375
8 0.31328125 0.68359375 0.1 0.196875
8 0.4828125 0.4296875 0.08515625 0.1171875
8 0.86640625 0.3625 0.0453125 0.1171875
8 0.79140625 0.2609375 0.0328125 0.07890625
7 0.71484375 0.21328125 0.0578125 0.13515625
8 0.090625 0.36640625 0.07578125 0.10546875
8 0.24609375 0.2875 0.05703125 0.0828125
8 0.31875 0.26796875 0.04765625 0.07109375
8 0.45703125 0.2421875 0.0328125 0.0765625