8 0.17109375 0.696875 0.2796875 0.3984375
8 0.35390625 0.821875 0.2859375 0.35625
8 0.45 0.86171875 0.228125 0.2765625
8 0.71015625 0.89765625 0.2296875 0.2046875
8 0.85859375 0.846875 0.2765625 0.30625
8 0.65 0.70390625 0.22578125 0.50546875
8 0.43515625 0.72890625 0.24140625 0.3953125
8 0.165625 0.46796875 0.1734375 0.3203125
8 0.3828125 0.51953125 0.190625 0.3140625
8 0.50390625 0.35859375 0.1734375 0.27265625
8 0.7609375 0.503125 0.2359375 0.3328125
8 0.921875 0.6625 0.15546875 0.3375
8 0.05859375 0.35859375 0.1171875 0.37890625