8 0.34375 0.47265625 0.05625 0.10859375
13 0.20625 0.54375 0.02890625 0.0921875
13 0.26953125 0.49140625 0.02734375 0.0875
13 0.4015625 0.4078125 0.025 0.065625
13 0.49609375 0.38203125 0.021875 0.0546875
13 0.49921875 0.3296875 0.0203125 0.05625
13 0.5453125 0.33828125 0.021875 0.0640625
13 0.63984375 0.271875 0.01875 0.053125
13 0.56484375 0.28046875 0.0203125 0.06015625
13 0.5296875 0.31328125 0.01796875 0.059375
8 0.67109375 0.084375 0.0296875 0.06796875
8 0.6359375 0.0859375 0.0421875 0.07421875
10 0.09765625 0.41328125 0.1828125 0.2328125
7 0.48828125 0.19609375 0.090625 0.13828125
7 0.57734375 0.1328125 0.0875 0.15859375
8 0.28359375 0.31171875 0.05078125 0.0890625
8 0.19609375 0.31015625 0.04140625 0.08828125
8 0.3546875 0.225 0.0359375 0.078125
11 0.403125 0.3 0.0640625 0.0796875
11 0.39453125 0.25390625 0.065625 0.0828125