8 0.325 0.5640625 0.14609375 0.184375
8 0.49765625 0.58984375 0.1640625 0.25859375
8 0.7546875 0.521875 0.12578125 0.23359375
8 0.8765625 0.7484375 0.171875 0.284375
8 0.29765625 0.44453125 0.1359375 0.1546875
8 0.6125 0.3875 0.128125 0.196875
8 0.51171875 0.26015625 0.1046875 0.1515625
8 0.396875 0.31015625 0.115625 0.16640625
8 0.3890625 0.075 0.084375 0.10234375
8 0.1734375 0.0515625 0.07734375 0.09921875
10 0.7796875 0.2328125 0.3875 0.3671875
13 0.73828125 0.9 0.11171875 0.1875
8 0.05 0.23984375 0.09921875 0.1359375