8 0.7828125 0.5984375 0.11015625 0.30546875
8 0.44921875 0.8078125 0.13828125 0.340625
8 0.27265625 0.83125 0.16640625 0.3203125
8 0.13203125 0.628125 0.1703125 0.30078125
8 0.2671875 0.45234375 0.11640625 0.2359375
8 0.2953125 0.6359375 0.17265625 0.2484375
8 0.43046875 0.5515625 0.17734375 0.25078125
8 0.47890625 0.2359375 0.07578125 0.16875
8 0.57421875 0.24921875 0.07890625 0.1859375
8 0.68046875 0.3453125 0.090625 0.21328125
8 0.61484375 0.49140625 0.0984375 0.2703125
8 0.77890625 0.1234375 0.06328125 0.13984375
8 0.9171875 0.23046875 0.06953125 0.1625
8 0.60703125 0.1375 0.05859375 0.14609375
13 0.83984375 0.2984375 0.040625 0.11875