8 0.7125 0.534375 0.090625 0.1875
8 0.61484375 0.69453125 0.12890625 0.23828125
8 0.49296875 0.63515625 0.10390625 0.21328125
8 0.6140625 0.446875 0.0734375 0.153125
8 0.73828125 0.36015625 0.109375 0.13671875
11 0.34765625 0.46015625 0.13359375 0.16484375
8 0.49140625 0.87109375 0.1515625 0.2578125
8 0.31171875 0.871875 0.165625 0.246875
8 0.1390625 0.94609375 0.1734375 0.1078125
8 0.2390625 0.715625 0.12109375 0.23984375
8 0.42109375 0.35390625 0.07578125 0.125
8 0.95625 0.84140625 0.0875 0.2703125
8 0.94609375 0.6984375 0.10703125 0.20234375
8 0.9484375 0.58515625 0.09921875 0.1625
8 0.95546875 0.4921875 0.08515625 0.1328125