8 0.628125 0.79140625 0.13203125 0.27734375
8 0.44140625 0.85078125 0.14375 0.259375
8 0.12890625 0.90625 0.159375 0.1875
8 0.2296875 0.778125 0.14765625 0.23125
8 0.3890625 0.75234375 0.12265625 0.24375
8 0.2890625 0.67421875 0.1203125 0.2171875
8 0.43671875 0.65 0.10859375 0.1953125
8 0.59375 0.6421875 0.11953125 0.18984375
8 0.296875 0.54453125 0.10078125 0.15
8 0.16875 0.4703125 0.1078125 0.16015625
8 0.0625 0.5765625 0.0953125 0.184375
11 0.66328125 0.55078125 0.1578125 0.19765625
8 0.453125 0.3640625 0.075 0.1328125
8 0.540625 0.45078125 0.08359375 0.1703125
8 0.22109375 0.40625 0.08828125 0.14921875