14 0.06875 0.61953125 0.1328125 0.259375
14 0.290625 0.71171875 0.14921875 0.325
14 0.4953125 0.678125 0.14921875 0.27578125
14 0.725 0.75703125 0.1390625 0.3609375
14 0.86640625 0.82734375 0.2421875 0.3453125
14 0.646875 0.68515625 0.13046875 0.2984375
14 0.49765625 0.66953125 0.1375 0.25390625
14 0.27265625 0.4109375 0.0734375 0.1375
14 0.4859375 0.38984375 0.0640625 0.12265625
14 0.68828125 0.48828125 0.0921875 0.16015625
11 0.2015625 0.48828125 0.13984375 0.17421875
11 0.16640625 0.8234375 0.3203125 0.353125
11 0.5046875 0.83046875 0.28125 0.28515625