8 0.50625 0.490625 0.05859375 0.12734375
8 0.5890625 0.5265625 0.053125 0.12578125
8 0.75 0.55703125 0.07265625 0.13671875
8 0.8109375 0.73671875 0.103125 0.18125
8 0.37734375 0.42265625 0.05859375 0.1125
8 0.2796875 0.540625 0.0640625 0.13671875
13 0.434375 0.95 0.05 0.1
13 0.30546875 0.95234375 0.0609375 0.0953125
13 0.2171875 0.971875 0.03984375 0.05546875
13 0.2609375 0.95625 0.03359375 0.0875
13 0.203125 0.72265625 0.04140625 0.11484375
13 0.63515625 0.6140625 0.040625 0.10703125
13 0.6875 0.62421875 0.03671875 0.09453125
7 0.61484375 0.4109375 0.0984375 0.2234375
10 0.42109375 0.33046875 0.0890625 0.215625