8 0.5078125 0.490625 0.05390625 0.1265625
8 0.59140625 0.5203125 0.06015625 0.128125
8 0.44296875 0.5453125 0.07421875 0.12265625
8 0.37734375 0.42109375 0.05390625 0.09921875
8 0.28046875 0.55078125 0.06484375 0.14375
8 0.7453125 0.55546875 0.071875 0.13671875
8 0.809375 0.74375 0.10390625 0.19140625
11 0.5453125 0.66171875 0.08984375 0.18203125
11 0.26328125 0.39453125 0.0734375 0.08828125
10 0.41953125 0.33203125 0.08828125 0.2015625
8 0.4890625 0.3296875 0.040625 0.075
8 0.54921875 0.3453125 0.034375 0.06640625
7 0.6125 0.4171875 0.096875 0.21953125
7 0.70859375 0.35546875 0.0546875 0.12109375
13 0.6328125 0.62578125 0.02890625 0.08046875
13 0.68515625 0.621875 0.0234375 0.0734375