11 0.5171875 0.71953125 0.0828125 0.16796875
11 0.4625 0.6484375 0.08203125 0.1640625
11 0.5921875 0.61796875 0.0875 0.1578125
11 0.634375 0.53671875 0.07109375 0.13359375
11 0.50390625 0.4765625 0.071875 0.1140625
11 0.434375 0.5453125 0.07890625 0.140625
11 0.10390625 0.065625 0.0953125 0.109375
11 0.165625 0.53828125 0.10390625 0.13515625
8 0.02890625 0.51796875 0.0578125 0.13125
11 0.2671875 0.0359375 0.07890625 0.071875
8 0.834375 0.52578125 0.06015625 0.1109375
11 0.23359375 0.53515625 0.0453125 0.0734375
7 0.56953125 0.23828125 0.240625 0.20625