11 0.6140625 0.60078125 0.20625 0.1765625
11 0.378125 0.58125 0.1875 0.1828125
11 0.35859375 0.47890625 0.20859375 0.15625
11 0.29609375 0.3625 0.1953125 0.15703125
11 0.5859375 0.440625 0.20703125 0.16328125
11 0.8140625 0.49296875 0.19453125 0.19765625
11 0.71484375 0.28828125 0.17890625 0.1875
11 0.46484375 0.2359375 0.1890625 0.1625
11 0.44296875 0.13125 0.16484375 0.13671875
11 0.16953125 0.175 0.184375 0.16953125
11 0.11796875 0.43828125 0.18515625 0.1640625
11 0.0984375 0.58046875 0.19609375 0.18125
11 0.14453125 0.90546875 0.21796875 0.1890625
11 0.40078125 0.7296875 0.20078125 0.2
11 0.46015625 0.86953125 0.23828125 0.21796875
11 0.7421875 0.853125 0.20703125 0.26015625
11 0.66328125 0.17109375 0.18984375 0.18671875
11 0.925 0.23828125 0.15 0.12109375
11 0.8234375 0.409375 0.18515625 0.159375
11 0.93046875 0.346875 0.1390625 0.17578125
11 0.0703125 0.290625 0.13984375 0.16796875
11 0.23046875 0.06953125 0.17109375 0.13828125