11 0.23671875 0.71171875 0.121875 0.1953125
11 0.10703125 0.66484375 0.12265625 0.18203125
11 0.0921875 0.484375 0.08515625 0.1171875
11 0.19921875 0.50703125 0.0921875 0.1328125
11 0.3140625 0.559375 0.084375 0.1359375
11 0.36328125 0.43203125 0.06796875 0.09765625
11 0.24765625 0.44609375 0.07578125 0.10625
11 0.1875 0.36796875 0.0484375 0.0875
11 0.121875 0.3453125 0.0578125 0.0671875
11 0.27890625 0.39140625 0.05859375 0.0859375
11 0.24765625 0.29921875 0.04453125 0.06640625
11 0.2046875 0.28359375 0.046875 0.06171875
11 0.4453125 0.821875 0.125 0.18671875
11 0.459375 0.62734375 0.096875 0.1390625
11 0.46328125 0.5234375 0.06640625 0.0796875
11 0.6625 0.8390625 0.13203125 0.18984375
11 0.63984375 0.6796875 0.1125 0.15390625
11 0.61953125 0.5796875 0.090625 0.13203125
11 0.5921875 0.45859375 0.07109375 0.1
11 0.48359375 0.47890625 0.07109375 0.1109375
11 0.134375 0.93046875 0.17421875 0.13828125
11 0.309375 0.334375 0.05 0.0796875
11 0.38359375 0.35625 0.053125 0.08203125
11 0.4828125 0.36484375 0.046875 0.05859375
11 0.5796875 0.37890625 0.0515625 0.065625
11 0.41875 0.27421875 0.040625 0.05703125
11 0.35625 0.27109375 0.0421875 0.05078125
11 0.3375 0.3109375 0.04765625 0.065625
11 0.34140625 0.21953125 0.0296875 0.040625
11 0.38828125 0.22890625 0.03125 0.040625
11 0.43203125 0.2390625 0.03203125 0.05
10 0.2796875 0.17421875 0.04921875 0.08046875
10 0.33203125 0.1625 0.04296875 0.08671875
11 0.37421875 0.090625 0.0140625 0.015625
11 0.36328125 0.15859375 0.01875 0.02734375
11 0.396875 0.15546875 0.0203125 0.0296875
11 0.38125 0.17578125 0.02421875 0.0375
11 0.3828125 0.125 0.01484375 0.025
11 0.39296875 0.128125 0.01640625 0.021875
11 0.28203125 0.2359375 0.03828125 0.04296875
11 0.29609375 0.21015625 0.0328125 0.0421875
11 0.0359375 0.30390625 0.05546875 0.05859375
11 0.071875 0.2703125 0.0390625 0.0515625
11 0.14140625 0.22890625 0.03828125 0.0375