11 0.23984375 0.7640625 0.15 0.15234375
11 0.09765625 0.6734375 0.13125 0.1296875
11 0.3890625 0.75234375 0.13515625 0.146875
11 0.59921875 0.78046875 0.1546875 0.13984375
11 0.81015625 0.79296875 0.14765625 0.15234375
11 0.92578125 0.903125 0.1484375 0.159375
11 0.8296875 0.94609375 0.16328125 0.1078125
11 0.63203125 0.94609375 0.16015625 0.1078125
11 0.43125 0.95703125 0.14140625 0.0859375
11 0.359375 0.86015625 0.14453125 0.13046875
11 0.5390625 0.5953125 0.14296875 0.1390625
11 0.64375 0.68203125 0.1375 0.134375
11 0.24296875 0.6484375 0.1515625 0.13984375
11 0.35234375 0.58984375 0.12578125 0.12734375
11 0.4609375 0.6703125 0.14921875 0.1453125
11 0.41796875 0.51015625 0.12578125 0.11484375
11 0.25390625 0.51015625 0.1234375 0.13046875
11 0.2828125 0.40625 0.14765625 0.1203125
11 0.16015625 0.42421875 0.140625 0.11484375
11 0.6234375 0.396875 0.14375 0.11796875
11 0.73203125 0.47734375 0.1390625 0.10703125
11 0.9140625 0.51796875 0.14296875 0.1171875
11 0.80625 0.4234375 0.140625 0.1109375
11 0.4828125 0.4359375 0.134375 0.12890625
11 0.57890625 0.51171875 0.146875 0.11875
11 0.13515625 0.29453125 0.12734375 0.1109375
11 0.25625 0.271875 0.13203125 0.11015625
11 0.365625 0.34765625 0.1296875 0.12734375
11 0.4875 0.32421875 0.1203125 0.10234375
11 0.4046875 0.24375 0.1390625 0.1140625
11 0.146875 0.184375 0.11875 0.11640625
11 0.05 0.34296875 0.1 0.1296875
11 0.08671875 0.5140625 0.1296875 0.12578125
11 0.73671875 0.16796875 0.1390625 0.10625
11 0.9234375 0.31640625 0.12890625 0.11328125
11 0.703125 0.340625 0.14375 0.12265625
11 0.2796875 0.159375 0.12421875 0.1078125
11 0.0609375 0.12109375 0.11875 0.1109375
11 0.5078125 0.86171875 0.16953125 0.15234375