10 0.77109375 0.55 0.134375 0.215625
10 0.82421875 0.425 0.09921875 0.17578125
7 0.68125 0.846875 0.13671875 0.2484375
11 0.4375 0.79296875 0.1078125 0.15
11 0.340625 0.9171875 0.15859375 0.165625
11 0.259375 0.83671875 0.115625 0.15234375
11 0.1296875 0.89375 0.1515625 0.16328125
11 0.05625 0.83046875 0.1078125 0.16484375
11 0.23984375 0.7734375 0.11484375 0.1265625
11 0.25703125 0.83203125 0.1234375 0.14375
11 0.30546875 0.73125 0.12109375 0.13828125
11 0.18828125 0.6078125 0.10390625 0.0984375
11 0.440625 0.7109375 0.10390625 0.13203125
11 0.56328125 0.64140625 0.0859375 0.10625