7 0.51796875 0.8046875 0.153125 0.35859375
7 0.74296875 0.55234375 0.09453125 0.14765625
10 0.853125 0.4984375 0.14921875 0.25234375
10 0.6734375 0.31328125 0.10390625 0.12734375
10 0.53125 0.528125 0.09375 0.20625
11 0.6421875 0.55390625 0.07890625 0.10234375
11 0.6484375 0.6109375 0.07890625 0.11171875
11 0.6875 0.6734375 0.09375 0.14609375
11 0.6578125 0.75234375 0.10078125 0.16328125
11 0.8546875 0.73359375 0.10546875 0.146875
11 0.871875 0.85078125 0.128125 0.184375
13 0.6328125 0.9296875 0.046875 0.1203125
13 0.340625 0.45078125 0.02109375 0.0734375
13 0.3671875 0.33046875 0.015625 0.046875
13 0.4609375 0.33359375 0.01328125 0.04375
13 0.57265625 0.40234375 0.01640625 0.06171875
11 0.28828125 0.825 0.13203125 0.20625
11 0.346875 0.65390625 0.09765625 0.13515625
11 0.25703125 0.61171875 0.08984375 0.12109375
11 0.74921875 0.86640625 0.1234375 0.221875