11 0.24296875 0.64375 0.1015625 0.128125
11 0.33828125 0.7140625 0.1046875 0.12421875
11 0.421875 0.6265625 0.0859375 0.1140625
11 0.43671875 0.525 0.07890625 0.11015625
11 0.31015625 0.553125 0.08125 0.10546875
11 0.20859375 0.50625 0.07109375 0.11796875
11 0.0796875 0.53046875 0.06953125 0.09609375
11 0.32421875 0.47109375 0.06484375 0.08828125
11 0.44296875 0.46640625 0.0578125 0.07109375
11 0.13125 0.4734375 0.06015625 0.09296875
11 0.5 0.85 0.11484375 0.15625
11 0.66796875 0.83125 0.12421875 0.14765625
11 0.603125 0.940625 0.14375 0.11875
11 0.7984375 0.9234375 0.1296875 0.13203125
11 0.9625 0.9171875 0.07421875 0.1640625
11 0.54921875 0.75703125 0.115625 0.109375
13 0.38125 0.51171875 0.025 0.06640625
13 0.38984375 0.465625 0.01875 0.05625