11 0.1828125 0.39609375 0.14453125 0.153125
11 0.259375 0.446875 0.1625 0.1640625
11 0.45859375 0.7828125 0.2234375 0.21953125
11 0.584375 0.92421875 0.2609375 0.15078125
11 0.73359375 0.6703125 0.203125 0.20703125
11 0.57265625 0.44921875 0.1609375 0.17734375
11 0.67109375 0.5546875 0.18828125 0.22734375
11 0.36171875 0.62890625 0.20546875 0.22421875
11 0.45234375 0.31796875 0.1421875 0.1359375
11 0.49921875 0.39765625 0.12578125 0.1734375
11 0.684375 0.29921875 0.14296875 0.18046875
11 0.9171875 0.475 0.140625 0.18984375