11 0.48984375 0.5296875 0.159375 0.19765625
11 0.5359375 0.365625 0.15625 0.16484375
11 0.3203125 0.21328125 0.0984375 0.1234375
11 0.3265625 0.6640625 0.1640625 0.20234375
11 0.6359375 0.165625 0.0890625 0.0921875
11 0.7359375 0.16953125 0.08203125 0.078125
11 0.53828125 0.09453125 0.0609375 0.06171875
11 0.33203125 0.0796875 0.0640625 0.05390625
11 0.20390625 0.1328125 0.07890625 0.075
11 0.0515625 0.1171875 0.06640625 0.07890625
11 0.0140625 0.06171875 0.028125 0.0671875
7 0.16171875 0.3296875 0.18828125 0.334375
7 0.16171875 0.8171875 0.3203125 0.365625
11 0.89453125 0.340625 0.13125 0.121875