11 0.3265625 0.68125 0.11328125 0.15546875
11 0.3734375 0.7859375 0.11015625 0.1421875
11 0.4078125 0.5609375 0.096875 0.13359375
11 0.5296875 0.49453125 0.10703125 0.11953125
11 0.67890625 0.70859375 0.11953125 0.15625
11 0.83984375 0.67109375 0.11015625 0.1359375
11 0.9375 0.82734375 0.11875 0.1890625
11 0.92734375 0.42890625 0.1109375 0.14453125
11 0.7890625 0.43203125 0.1046875 0.13046875
11 0.05 0.465625 0.09296875 0.128125
11 0.25859375 0.28671875 0.084375 0.1109375
11 0.44765625 0.3703125 0.0796875 0.1015625
7 0.1890625 0.71875 0.15390625 0.325
7 0.49609375 0.90703125 0.15546875 0.18515625
7 0.32265625 0.39140625 0.0921875 0.15234375
7 0.41484375 0.29296875 0.09765625 0.153125
7 0.7 0.1265625 0.11171875 0.15703125
7 0.63984375 0.06328125 0.08203125 0.1265625