11 0.59609375 0.82265625 0.12109375 0.196875
11 0.39140625 0.88515625 0.15546875 0.22265625
11 0.50390625 0.6921875 0.12109375 0.203125
11 0.30859375 0.71640625 0.13046875 0.19453125
11 0.18125 0.92109375 0.16875 0.1578125
11 0.1578125 0.84765625 0.13828125 0.23125
11 0.10546875 0.7953125 0.1140625 0.1796875
11 0.04921875 0.6953125 0.0984375 0.18125
11 0.4359375 0.66484375 0.10078125 0.14765625
11 0.4109375 0.59765625 0.09453125 0.14140625
11 0.40078125 0.55234375 0.09296875 0.14609375
11 0.25546875 0.58125 0.0953125 0.12890625
11 0.36796875 0.42421875 0.08984375 0.115625
11 0.0828125 0.50546875 0.08828125 0.1046875
10 0.74609375 0.6390625 0.28125 0.434375
10 0.53671875 0.42265625 0.13984375 0.28515625
10 0.66875 0.38046875 0.13984375 0.23359375
10 0.490625 0.34140625 0.103125 0.19296875
10 0.446875 0.1421875 0.0484375 0.0859375