11 0.44609375 0.87421875 0.171875 0.24453125
11 0.20234375 0.934375 0.1859375 0.13125
11 0.21484375 0.85234375 0.1640625 0.1390625
11 0.2046875 0.75 0.14453125 0.13671875
11 0.4078125 0.74921875 0.165625 0.23046875
11 0.6640625 0.8 0.16796875 0.21484375
11 0.72890625 0.91953125 0.1640625 0.1609375
11 0.9015625 0.85859375 0.16484375 0.2171875
11 0.77734375 0.69296875 0.1390625 0.18125
11 0.596875 0.7109375 0.14375 0.1734375
11 0.209375 0.6859375 0.1328125 0.13984375
11 0.6625 0.54140625 0.11796875 0.15
11 0.23984375 0.6296875 0.12578125 0.1765625
11 0.59609375 0.4109375 0.09609375 0.121875
11 0.66640625 0.54296875 0.11015625 0.1359375
13 0.49140625 0.409375 0.040625 0.0828125
13 0.9453125 0.3375 0.02578125 0.07265625
13 0.98203125 0.3609375 0.01875 0.06484375
13 0.7890625 0.5015625 0.0328125 0.06953125
13 0.5546875 0.21796875 0.021875 0.0703125
8 0.34140625 0.25234375 0.0203125 0.0765625
8 0.12890625 0.46484375 0.0875 0.14609375
8 0.3015625 0.2125 0.0609375 0.103125
11 0.40625 0.4453125 0.0859375 0.11171875
11 0.2390625 0.55625 0.1015625 0.14453125
11 0.24296875 0.4328125 0.08828125 0.1125
11 0.39921875 0.39453125 0.096875 0.115625
11 0.2625 0.35625 0.09296875 0.10546875
11 0.05390625 0.62265625 0.1078125 0.21484375
11 0.0875 0.521875 0.11015625 0.15859375